                          [38;2;60;60;60m%&[38;2;60;60;36m&[38;2;108;108;84m/[38;2;60;60;60m#[0m        [38;2;60;60;60m#[38;2;108;84;108m&[0m [38;2;108;108;108m&[38;2;60;60;60m%[0m
                          [38;2;108;108;108m&[38;2;60;60;60m%[38;2;204;132;36m#[38;2;108;84;36m([38;2;36;36;60m&[38;2;108;108;60m&[38;2;84;84;60m/[38;2;108;108;84m/[38;2;132;108;60m##%#[38;2;84;84;60m#[38;2;132;108;36m%[38;2;156;132;60m([38;2;132;108;36m(#[38;2;108;84;36m%[38;2;132;108;60m%[38;2;108;108;36m%[38;2;108;84;60m([38;2;108;84;36m&[38;2;60;60;60m&[0m
                          [38;2;108;108;108m&[38;2;60;60;60m&[38;2;180;132;12m#[38;2;108;84;36m([38;2;84;84;84m#[38;2;84;60;36m%[38;2;180;132;36m/[38;2;180;132;12m/[38;2;156;108;12m#[38;2;132;108;36m([38;2;156;108;36m(([38;2;84;60;12m%[38;2;156;108;36m/[38;2;156;108;12m#[38;2;156;108;36m%&[38;2;156;132;60m([38;2;60;60;36m&[38;2;60;36;36m&[38;2;60;60;36m%[38;2;108;84;36m&[38;2;84;60;60m%[0m
                          [38;2;60;60;60m&[38;2;60;36;36m&[38;2;180;132;12m#[38;2;108;84;12m([38;2;60;60;60m&[38;2;84;84;84m([38;2;132;108;36m#/[38;2;180;132;36m#/[38;2;156;108;36m%[38;2;204;156;36m/[38;2;84;60;12m%[38;2;132;108;60m%[38;2;156;132;36m#[38;2;180;132;36m&[38;2;180;132;12m&%#[38;2;156;108;12m%[38;2;252;180;12m/[38;2;132;84;36m%[38;2;84;84;60m%[0m
                          [38;2;60;60;60m%[38;2;108;84;60m%[38;2;132;108;36m#[38;2;108;84;12m#[38;2;156;108;36m%[38;2;156;132;84m.[38;2;132;108;36m%[38;2;252;180;12m/[38;2;204;132;12m([38;2;180;132;12m##[38;2;228;156;12m/[38;2;252;180;12m/////////[38;2;156;108;36m*[38;2;84;84;84m%[0m
                          [38;2;60;60;84m%[38;2;84;60;36m#[38;2;132;84;12m%[38;2;108;84;12m##[38;2;180;132;12m/#[38;2;156;108;12m/[38;2;204;156;12m([38;2;252;180;12m/[38;2;204;156;12m/[38;2;180;132;12m#[38;2;204;132;12m/[38;2;156;108;36m/[38;2;132;108;36m/[38;2;156;108;12m%%[38;2;132;108;12m&[38;2;180;132;12m/[38;2;252;180;12m/[38;2;204;156;12m/[38;2;60;60;60m&[38;2;84;60;60m%[0m
                          [38;2;108;108;132m&[38;2;84;60;60m%[38;2;132;108;36m#([38;2;60;36;36m%[38;2;108;84;108m.[38;2;60;60;60m%[38;2;84;60;60m/[38;2;132;108;36m%[38;2;252;180;12m/[38;2;60;60;36m%[38;2;108;108;108m%[38;2;132;132;132m%[38;2;84;84;84m&[38;2;132;108;60m/[38;2;132;84;36m&[38;2;252;180;12m/[38;2;180;132;12m/[38;2;156;132;132m&[38;2;132;108;12m&[38;2;228;156;12m/[38;2;84;60;36m([38;2;60;60;60m%[38;2;132;132;132m&[0m
                           [38;2;180;204;204m,[38;2;132;132;132m*.[38;2;84;84;84m#[38;2;132;132;132m/[38;2;108;108;108m%[38;2;84;84;84m&[38;2;60;60;60m%[38;2;108;60;36m&&[38;2;84;60;36m%[38;2;84;84;84m#[38;2;108;108;108m([38;2;84;84;84m([38;2;84;60;36m%[38;2;132;60;36m%[38;2;108;60;36m#[38;2;60;60;60m&[38;2;156;108;36m#[38;2;180;156;108m([38;2;60;60;60m&[38;2;132;108;132m%[38;2;60;60;84m%[38;2;84;84;84m%[0m
                      [38;2;132;132;132m/[38;2;60;60;60m%[38;2;156;156;156m%[0m  [38;2;60;60;84m([38;2;108;60;36m%[38;2;132;60;36m%%[38;2;108;60;36m%[38;2;84;60;36m#[38;2;132;84;84m/[38;2;84;36;36m&[38;2;132;60;36m%%#[38;2;84;36;36m&&[38;2;108;60;36m&[38;2;132;60;36m%%%[38;2;108;60;36m%[38;2;132;108;84m,[38;2;60;36;36m%[38;2;108;60;36m&[38;2;132;60;36m%#[38;2;132;84;84m&[38;2;108;108;108m#[38;2;60;60;60m#[38;2;108;108;108m([38;2;60;60;60m&[38;2;132;132;132m/[0m
                    [38;2;60;60;60m%[38;2;108;108;108m([38;2;84;60;60m%[38;2;108;60;36m&&[38;2;84;60;60m%[38;2;84;84;84m([38;2;108;60;60m#[38;2;108;60;36m%[38;2;132;60;36m#%%%%%%%%%%%%%%%%%%%%[38;2;108;60;36m&[38;2;60;60;36m&[38;2;84;84;84m#[38;2;84;60;60m/[38;2;108;60;36m&%[38;2;84;84;60m#[38;2;84;84;84m#[0m
                 [38;2;156;156;156m*[38;2;60;60;60m&[38;2;84;84;84m%[38;2;60;60;60m&[38;2;132;132;132m&[38;2;60;60;60m%[38;2;108;60;36m%[38;2;132;60;36m%%%%%%%%[38;2;108;60;36m%[38;2;132;60;36m%%[38;2;84;60;36m%[38;2;108;84;84m%[38;2;132;108;108m&[38;2;132;132;108m&&[38;2;132;108;108m&[38;2;132;108;84m&[38;2;108;84;60m%[38;2;108;60;36m%[38;2;132;60;36m#[38;2;108;60;36m%[38;2;132;60;36m%%%%%%%%%[38;2;84;36;12m%[38;2;60;60;60m%[38;2;108;108;108m%[38;2;60;60;60m%[38;2;132;132;132m&[38;2;156;156;156m/*[0m
                [38;2;60;60;84m#[38;2;60;60;60m([38;2;108;60;36m%[38;2;132;60;36m#%[38;2;84;60;36m%[38;2;108;60;36m&[38;2;132;60;36m%%%%[38;2;108;60;36m%[38;2;132;60;36m%[38;2;108;84;84m%[38;2;228;228;228m.[38;2;108;108;108m&[38;2;204;204;204m,[0m [38;2;180;180;180m.[38;2;84;60;60m#[38;2;132;132;132m&[0m    [38;2;132;132;132m&[38;2;84;84;84m%[38;2;180;180;180m/[0m [38;2;228;228;228m.[38;2;132;132;132m*[0m [38;2;156;132;132m&[38;2;108;60;36m%[38;2;132;60;36m%%%%%#[38;2;108;60;36m&[38;2;108;60;60m%[38;2;108;60;36m%[38;2;132;60;36m%[38;2;84;36;36m&[38;2;84;84;84m([38;2;180;180;180m*[0m
              [38;2;108;108;108m%[38;2;156;156;156m/[0m [38;2;108;108;108m/[38;2;156;132;108m&[38;2;132;60;36m%%%%%[38;2;108;60;36m%[38;2;84;60;36m%[38;2;108;84;84m&[38;2;132;132;132m&[38;2;228;228;228m.[38;2;84;84;84m/[0m   [38;2;108;84;12m#[0m    [38;2;84;60;12m&&[0m    [38;2;60;60;12m&[0m   [38;2;108;108;108m%[38;2;132;132;132m&[38;2;180;180;180m.[38;2;204;204;204m.[38;2;108;60;36m&%[38;2;132;60;36m%%%%%%[38;2;84;84;60m%[38;2;84;60;60m%[38;2;60;60;60m%[0m
            [38;2;132;132;132m&[38;2;84;84;84m([38;2;60;36;36m%[38;2;84;60;36m&%[38;2;108;84;84m,[38;2;108;60;36m%[38;2;132;60;36m%%%[38;2;108;60;36m%[38;2;84;60;36m%[38;2;156;132;132m#[38;2;132;132;132m.[38;2;84;84;84m*[0m [38;2;84;60;12m%[38;2;60;60;12m&[0m   [38;2;84;60;12m&[38;2;132;84;12m%[38;2;84;60;12m#[0m [38;2;108;84;12m&[38;2;156;108;12m%[38;2;84;60;12m&[38;2;180;132;12m%[0m [38;2;132;108;12m%&[38;2;108;84;12m#[0m    [38;2;84;60;12m&%[38;2;108;108;108m&&[38;2;132;132;132m/[38;2;108;84;84m%[38;2;132;60;36m%%%%%[38;2;60;36;36m&#&[38;2;84;60;60m([38;2;108;108;108m([0m
   [38;2;132;132;132m/[38;2;84;84;84m&[0m        [38;2;84;84;84m%[38;2;108;84;84m&[38;2;132;60;36m%[38;2;108;60;36m%[38;2;132;60;36m%%%%[38;2;108;60;36m%[38;2;156;156;156m#[38;2;132;132;132m*[38;2;108;108;108m*[0m    [38;2;132;108;36m#[38;2;84;60;12m&[38;2;180;132;36m#[38;2;60;36;12m&[0m [38;2;156;108;12m%([38;2;132;108;12m%[38;2;156;108;12m&/&[38;2;252;180;12m/[38;2;204;156;12m/[38;2;132;84;12m&[38;2;180;132;12m([38;2;84;60;12m&[38;2;108;84;12m%[38;2;156;132;36m#[38;2;156;132;12m#[38;2;108;84;12m#[0m    [38;2;108;108;108m&[38;2;180;180;180m.[38;2;132;132;132m#[38;2;84;36;12m&[38;2;132;60;36m%%%%%%[38;2;108;60;36m%[38;2;84;60;60m&[38;2;108;108;108m([0m       [38;2;108;108;108m([38;2;60;60;60m%[0m
  [38;2;84;84;84m#[38;2;60;60;60m%#[38;2;156;156;156m*[0m      [38;2;108;108;108m&[0m [38;2;132;108;60m&[38;2;60;60;36m%[38;2;108;60;36m&[38;2;132;60;36m%%%[38;2;108;60;36m%[38;2;84;84;84m#[38;2;180;180;180m.[38;2;60;60;60m%[0m [38;2;108;84;12m&[38;2;84;60;12m&[0m    [38;2;132;84;12m&[38;2;180;132;12m#[38;2;156;132;12m#/[38;2;132;108;12m%[38;2;108;84;12m#[38;2;156;108;12m#[38;2;204;156;12m%[38;2;252;180;12m///[38;2;156;108;12m/[38;2;108;84;12m%[38;2;132;108;12m%[38;2;156;108;12m/#[38;2;60;60;12m&[0m     [38;2;60;60;12m&[38;2;84;84;84m%[38;2;132;132;132m&,[38;2;84;36;12m%[38;2;132;60;36m%%%%[38;2;60;36;12m&[38;2;132;132;132m*[38;2;60;60;60m%[38;2;180;180;180m,[0m      [38;2;108;108;108m&[38;2;60;60;60m%[38;2;132;132;132m&[38;2;60;60;60m&[0m
  [38;2;84;84;84m([38;2;60;60;60m%&[0m     [38;2;108;108;108m&[38;2;84;84;84m&[38;2;60;36;36m&[38;2;84;36;12m&&[38;2;108;60;36m&[38;2;132;60;36m%%%[38;2;108;60;36m%[38;2;84;84;84m&[38;2;204;204;204m.[38;2;84;84;84m([0m   [38;2;84;60;12m&[38;2;156;132;36m([38;2;132;84;12m([38;2;180;132;36m([38;2;156;132;36m#[38;2;156;132;12m#[38;2;156;132;36m([38;2;132;108;12m##[38;2;156;108;12m#[38;2;84;60;12m%[38;2;252;180;12m/////[38;2;132;108;12m/[38;2;108;84;12m&%[38;2;156;108;12m(#[38;2;132;108;12m%[38;2;156;108;12m#[38;2;132;84;12m#([38;2;60;36;12m&[0m   [38;2;84;84;84m#[38;2;156;156;156m*[38;2;108;108;108m/[38;2;108;60;36m&[38;2;132;60;36m%%%%%%[38;2;84;36;36m&[38;2;156;156;156m%[0m      [38;2;108;108;132m&[38;2;60;60;60m#[38;2;108;108;108m([0m
 [38;2;60;60;60m&%[38;2;84;84;84m%[38;2;60;60;60m&[0m      [38;2;84;84;84m%[38;2;156;132;132m&[38;2;108;84;60m%[38;2;108;60;36m%[38;2;132;60;36m%%%%%[38;2;132;132;132m&/[0m     [38;2;84;60;12m%[38;2;60;36;12m&[38;2;84;60;12m&[38;2;108;84;12m&[38;2;156;108;12m%[38;2;156;108;36m####[38;2;108;84;12m%[38;2;180;132;12m/[38;2;228;156;12m//[38;2;156;108;12m/[38;2;132;108;12m([38;2;132;84;12m%[38;2;132;108;12m%#[38;2;108;84;12m%[38;2;180;132;36m([38;2;132;108;12m%[38;2;108;84;12m&[38;2;84;60;12m%[0m      [38;2;156;156;156m%/[38;2;60;36;12m&[38;2;132;60;36m#%%%[38;2;108;60;36m%[38;2;84;60;36m%[38;2;108;84;60m%[38;2;108;108;108m&[0m      [38;2;60;60;60m#[38;2;108;108;108m#[38;2;60;60;60m&#[0m
 [38;2;84;84;84m#([38;2;108;108;108m([0m       [38;2;84;84;84m#[38;2;60;60;60m%[38;2;132;108;132m.[38;2;132;132;132m/[38;2;132;60;36m%%%%[38;2;108;60;36m%[38;2;156;156;156m%[38;2;132;132;132m([0m [38;2;60;36;12m&[38;2;84;60;12m%[38;2;156;108;12m#[38;2;156;132;36m([38;2;156;108;12m#[38;2;108;84;12m#[38;2;132;108;12m([38;2;156;108;12m([38;2;108;84;12m##[38;2;84;60;12m#[38;2;156;108;36m#[38;2;132;108;36m#[38;2;132;84;12m##[38;2;132;108;12m%[38;2;156;108;12m#[38;2;132;108;12m#[38;2;132;84;12m##[38;2;108;84;12m#[38;2;156;108;12m([38;2;108;84;12m#[38;2;132;108;12m##[38;2;156;108;12m(([38;2;132;108;12m([38;2;156;108;36m#[38;2;132;84;12m#[38;2;156;108;12m#[38;2;132;84;12m#[38;2;60;36;12m&[38;2;132;132;132m&[38;2;180;156;156m*[38;2;60;36;12m&[38;2;132;60;36m%%%%[38;2;84;36;12m&[38;2;60;60;60m#[38;2;84;84;84m%[38;2;132;132;132m,[0m       [38;2;84;84;84m#[38;2;60;60;60m&[38;2;132;132;132m%[38;2;108;84;108m&[0m
 [38;2;132;132;132m&[38;2;60;60;60m#[38;2;84;84;84m/[0m      [38;2;60;36;60m&[38;2;108;108;108m#[38;2;84;36;36m&[38;2;132;60;36m#%%%%%[38;2;108;60;36m#[38;2;108;108;108m&[38;2;204;204;204m,[38;2;84;84;84m&[0m    [38;2;84;60;12m&[38;2;156;108;36m#[38;2;156;108;12m&[38;2;156;132;36m([38;2;132;108;12m([38;2;156;108;12m([38;2;252;180;12m*////[38;2;228;156;12m([38;2;204;156;12m#[38;2;252;180;12m////[38;2;204;156;12m/[38;2;132;84;12m/[38;2;132;108;12m%[38;2;156;132;36m%[38;2;156;108;36m#[38;2;132;84;12m%[38;2;132;108;12m#[38;2;60;36;12m%[0m   [38;2;108;108;108m&[38;2;132;132;132m#([38;2;108;60;36m%[38;2;132;60;36m#%%%%#[38;2;108;60;36m#[38;2;108;108;108m&[38;2;132;132;132m&[0m      [38;2;156;156;156m*[38;2;156;132;132m%[38;2;108;108;108m/[38;2;132;132;132m%[0m
 [38;2;132;132;132m&[38;2;84;84;60m/[38;2;84;84;84m(#[0m      [38;2;84;84;84m&[38;2;108;108;108m(([38;2;84;84;84m#[38;2;84;60;36m&[38;2;132;60;36m%%%%[38;2;84;36;12m&[38;2;180;180;180m*.[38;2;60;60;60m%[0m [38;2;84;60;12m&[38;2;156;108;36m#[38;2;156;132;36m#[38;2;108;84;12m%[38;2;180;132;36m([38;2;156;132;36m([38;2;84;60;12m%[38;2;156;108;12m#[38;2;108;84;12m&[38;2;132;108;12m&[38;2;156;108;12m([38;2;180;132;12m//[38;2;204;132;12m//[38;2;156;132;12m/[38;2;204;132;12m/[38;2;204;156;12m/[38;2;132;108;12m#[38;2;84;60;12m&[38;2;156;108;12m([38;2;132;108;12m#[38;2;156;108;12m#[38;2;132;108;60m&[38;2;60;36;12m&[38;2;84;60;12m&[38;2;156;108;36m#[38;2;156;108;12m([38;2;60;36;12m&[0m [38;2;108;108;108m(([38;2;84;60;60m#[38;2;132;60;36m%%%%[38;2;60;36;12m%[38;2;84;84;84m&[38;2;108;108;132m&[38;2;132;132;132m&[38;2;60;60;60m#%[0m     [38;2;132;132;132m&[38;2;108;108;108m#[38;2;60;60;36m%[38;2;60;60;60m%[38;2;132;132;132m&[0m
 [38;2;84;84;84m&[38;2;84;84;60m([38;2;60;60;36m%[38;2;60;60;60m#[0m       [38;2;132;132;132m([38;2;84;84;84m#[38;2;84;60;36m&[38;2;108;60;36m&[38;2;132;60;36m%%%%%[38;2;84;36;36m&[38;2;156;156;156m*[38;2;132;132;132m([38;2;108;108;108m*[0m   [38;2;108;84;12m%[38;2;156;132;36m#[38;2;108;84;12m%&[38;2;156;108;12m([38;2;132;84;12m([38;2;132;108;12m#[38;2;108;84;12m%[38;2;132;84;12m%%%%[38;2;108;84;12m%%[38;2;156;108;12m#([38;2;108;84;12m%%#[38;2;132;84;12m%#[38;2;60;60;12m&[0m   [38;2;156;156;156m&/.[38;2;108;84;60m([38;2;132;60;36m%%%%%[38;2;108;60;36m%[38;2;84;60;36m&[38;2;156;132;132m%[38;2;108;108;108m([38;2;132;132;132m&[0m     [38;2;156;156;156m*[38;2;132;132;132m([38;2;84;60;60m#[38;2;84;60;36m%[38;2;60;60;60m#[0m
 [38;2;60;60;60m&[38;2;108;84;36m%[38;2;132;108;36m([38;2;84;84;36m%[38;2;108;108;84m,[38;2;108;108;108m&[0m      [38;2;84;84;84m&[38;2;84;60;36m&#[38;2;132;108;84m%[38;2;108;60;36m%[38;2;132;60;36m%%%%%[38;2;108;108;84m&[38;2;156;156;156m#[38;2;108;108;108m(([0m [38;2;108;84;12m%[38;2;180;132;36m([38;2;156;108;36m([38;2;132;84;12m([38;2;108;84;12m%#[38;2;132;108;12m%[38;2;156;108;12m%#[38;2;132;108;12m#[38;2;156;108;36m((#[38;2;180;132;36m#[38;2;156;132;36m([38;2;180;132;36m([38;2;84;60;12m%[38;2;108;84;12m%%[38;2;156;108;36m([38;2;180;132;36m([38;2;60;36;12m&[0m [38;2;132;132;132m&[38;2;156;156;156m*[38;2;180;180;180m*[38;2;108;108;108m/[38;2;132;60;36m%%%%%[38;2;84;36;36m%[38;2;84;60;36m%#[38;2;108;60;36m#[38;2;84;84;84m&[38;2;108;108;108m&[0m     [38;2;108;108;108m&[38;2;84;84;84m([38;2;84;60;36m%[38;2;84;60;12m%[38;2;60;60;12m%[38;2;108;108;108m%[38;2;84;84;84m#[0m
 [38;2;108;108;108m&[38;2;108;84;36m([38;2;108;84;12m%[38;2;132;108;36m#[38;2;108;84;36m#[38;2;84;84;84m%[38;2;108;108;108m&[0m      [38;2;84;60;84m%[38;2;228;228;228m.[38;2;108;108;108m&/[38;2;84;36;12m&[38;2;132;60;36m#%%%%[38;2;108;60;36m%[38;2;108;84;84m&[38;2;108;108;108m(*[38;2;132;108;84m%[38;2;108;84;36m#[38;2;84;60;12m#%%[38;2;132;108;36m#[38;2;84;60;12m%&[38;2;132;84;12m#[38;2;84;60;12m%[38;2;132;108;12m%[38;2;84;60;12m%[38;2;108;60;12m%[38;2;84;60;12m%[38;2;108;84;12m%[38;2;84;60;12m%[38;2;108;84;12m%#[38;2;132;84;12m%[38;2;132;108;12m#[38;2;108;84;12m#[38;2;156;156;156m([38;2;84;84;84m#[38;2;180;180;180m.[38;2;108;84;84m*[38;2;132;60;36m%%%%%%[38;2;108;60;36m%[38;2;108;108;108m%&&[38;2;132;132;132m&[0m      [38;2;84;84;84m#[38;2;60;60;36m&[38;2;108;84;36m%[38;2;108;84;12m&[38;2;84;60;12m%[38;2;156;132;108m&[38;2;60;60;60m#[0m
  [38;2;84;84;84m%[38;2;84;60;36m&[38;2;132;84;36m#[38;2;108;84;12m%[38;2;84;60;12m%[38;2;108;84;60m#[38;2;84;60;60m&[38;2;60;36;36m&[0m     [38;2;132;132;156m&[38;2;60;60;60m#[38;2;84;60;36m&[38;2;132;60;36m%[38;2;108;60;36m%[38;2;132;60;36m%[38;2;108;60;36m%[38;2;132;60;36m%%%%%%[38;2;132;108;84m#[38;2;108;108;108m&[38;2;156;156;156m,[38;2;132;132;132m&[38;2;228;228;228m.[38;2;156;156;156m,[38;2;60;60;60m#[0m        [38;2;60;60;60m&[38;2;156;156;156m([38;2;228;228;228m.[38;2;156;156;156m&[38;2;180;180;180m([38;2;60;60;60m%[38;2;108;84;60m,[38;2;108;60;36m%&[38;2;132;60;36m%%%%[38;2;108;60;36m%[38;2;132;60;36m%[38;2;108;60;36m%[38;2;132;60;36m%[38;2;84;60;36m%[38;2;84;84;84m&[38;2;60;60;60m%[0m     [38;2;132;132;132m/[38;2;108;108;108m&[38;2;60;60;36m%[38;2;84;60;12m&[38;2;108;84;12m#[38;2;84;60;12m%[38;2;108;84;36m%[38;2;108;84;84m%[38;2;60;60;60m&[0m
  [38;2;60;60;60m%%[38;2;108;84;36m#[38;2;108;84;12m#[38;2;132;84;12m%[38;2;108;84;12m#[38;2;84;60;12m&[38;2;84;84;60m([38;2;60;60;60m%[0m      [38;2;60;60;60m%[38;2;84;84;84m#([38;2;60;60;60m#[38;2;108;108;108m([38;2;60;36;12m&[38;2;132;60;36m%%%%%%%[38;2;108;60;36m%&[38;2;84;60;36m&[38;2;132;108;84m([38;2;156;132;108m,[38;2;60;36;12m&[0m [38;2;108;84;84m&[0m  [38;2;108;84;84m&[0m [38;2;60;36;12m&[38;2;132;108;84m.,[38;2;108;60;60m#[38;2;108;60;36m&&[38;2;132;60;36m%%%%%%%[38;2;84;36;12m%[38;2;60;60;60m%#[38;2;84;84;84m##[38;2;60;60;60m#[38;2;84;84;84m#[0m    [38;2;108;108;108m([38;2;132;132;132m/[38;2;84;84;84m&[38;2;108;84;36m#[38;2;132;108;36m#[38;2;132;84;36m#[38;2;108;84;12m#[38;2;60;36;36m&[38;2;60;60;60m&[38;2;132;132;132m([0m
    [38;2;84;60;60m&[38;2;132;108;60m([38;2;84;60;12m&[38;2;156;108;36m([38;2;108;84;36m&[38;2;84;60;12m&[38;2;84;60;36m%[38;2;84;60;60m&[38;2;108;108;108m#[0m    [38;2;60;60;60m%#[38;2;108;108;108m/[38;2;84;84;84m##[38;2;84;60;36m&[38;2;108;60;36m%[38;2;132;60;36m%[38;2;108;84;60m%&[38;2;132;60;36m#%%%%%%%%%%%%%%%%%%%%%%[38;2;108;60;36m%[38;2;84;60;36m#[38;2;84;60;60m&[38;2;108;60;36m#[38;2;132;60;36m%[38;2;84;60;36m#[38;2;84;84;84m%[38;2;132;132;132m,[38;2;108;108;108m([38;2;204;204;204m,[0m    [38;2;156;156;156m*[38;2;84;84;84m%[38;2;60;60;36m&[38;2;84;84;36m%[38;2;84;60;12m%[38;2;108;84;12m#%[38;2;84;60;12m&[38;2;108;84;36m#[38;2;60;60;60m&[0m
     [38;2;84;84;84m&%[38;2;132;108;36m%[38;2;108;84;36m#[38;2;84;60;12m&[38;2;132;84;12m#%[38;2;84;60;36m&[38;2;108;108;84m/[38;2;84;84;84m#[38;2;60;60;60m&[38;2;132;132;132m([38;2;108;108;132m&[38;2;60;60;60m#&&[38;2;108;108;108m&[38;2;84;84;84m&[38;2;108;108;108m([38;2;60;60;84m%[0m  [38;2;84;84;84m([38;2;108;60;36m&[38;2;132;60;36m%[38;2;108;60;36m%[38;2;84;60;36m%[38;2;108;60;60m#[38;2;108;60;36m%%[38;2;132;60;36m%%%%[38;2;108;60;36m%[38;2;132;60;36m%%%%[38;2;108;60;36m%[38;2;84;60;36m#[38;2;108;60;36m%%[38;2;132;60;36m%[38;2;108;60;36m#[38;2;60;60;60m&[38;2;108;108;108m&[38;2;132;132;132m/[38;2;84;84;84m#%[38;2;132;108;108m,[38;2;84;84;84m/[38;2;180;180;180m,[38;2;84;84;84m&[38;2;60;60;60m/&[0m  [38;2;60;60;60m&[38;2;132;108;108m.[38;2;60;60;12m&[38;2;84;60;12m%[38;2;132;84;12m#[38;2;132;108;36m([38;2;108;84;12m#[38;2;84;60;12m%[38;2;60;60;60m&[38;2;84;84;84m([0m
      [38;2;108;108;108m%,[38;2;84;60;36m%#[38;2;132;108;12m#[38;2;132;108;36m#[38;2;132;84;12m%[38;2;84;60;12m%[38;2;84;84;36m#[38;2;132;132;84m%[38;2;60;60;60m%%[38;2;84;84;84m&[38;2;132;132;132m%[38;2;60;60;60m%&[38;2;132;132;132m%&[38;2;84;84;84m%[38;2;132;132;132m%[38;2;84;84;84m%([38;2;156;156;156m%[38;2;60;60;60m&&[38;2;84;84;84m#[38;2;108;108;108m&[38;2;108;84;84m/[38;2;84;36;12m&[38;2;108;60;36m%%[38;2;84;84;84m%#[38;2;60;60;60m#[38;2;60;36;36m&[38;2;108;60;36m#%[38;2;84;36;36m%[38;2;60;60;60m&[38;2;132;132;132m/[38;2;60;60;60m&[38;2;84;84;84m&[38;2;60;60;60m&&##[38;2;132;132;132m&[38;2;60;60;60m(&[38;2;132;132;156m&[38;2;60;60;60m#[38;2;108;108;108m*[38;2;60;60;60m%[38;2;108;108;108m([38;2;60;60;60m&[38;2;84;60;60m%[38;2;108;108;60m#[38;2;108;84;36m%[38;2;84;60;12m%[38;2;108;84;12m#%%%[38;2;84;60;36m%[38;2;60;60;60m%[0m
        [38;2;60;60;60m%[38;2;108;108;108m,[38;2;84;60;36m&[38;2;108;84;12m&#%[38;2;132;84;12m#[38;2;84;60;12m%[38;2;108;84;12m#[38;2;108;84;60m#[38;2;108;108;84m([38;2;108;108;108m/[38;2;84;84;84m([38;2;156;156;156m#[38;2;108;108;108m([38;2;156;156;156m&[38;2;60;60;60m%[38;2;108;108;108m&[38;2;60;60;60m([38;2;156;156;156m&[38;2;156;132;132m%[38;2;60;60;60m%&/[38;2;132;132;132m%[38;2;60;60;60m%[38;2;84;84;84m%([38;2;60;60;60m%[38;2;84;84;84m%[38;2;108;84;84m&[38;2;84;84;84m##[38;2;108;108;108m%[38;2;84;84;84m([38;2;60;60;84m/[38;2;60;60;60m&[38;2;108;108;108m*[38;2;132;132;156m%[38;2;60;60;60m%%[38;2;108;108;108m&[38;2;132;132;132m&[38;2;84;60;84m%[38;2;84;60;60m&[38;2;84;84;84m%[38;2;60;60;60m&&[38;2;84;84;84m#&%[38;2;84;84;60m&[38;2;60;60;36m&[38;2;60;36;12m&[38;2;84;60;12m%[38;2;132;84;36m#[38;2;108;84;12m%%[38;2;132;84;36m#[38;2;108;84;36m([38;2;108;108;108m%[38;2;84;84;84m&[0m
         [38;2;156;156;156m&[38;2;108;108;108m#[38;2;60;60;60m#[38;2;84;60;36m%[38;2;108;84;12m#[38;2;156;132;36m#[38;2;108;84;12m#%##[38;2;84;60;12m&[38;2;60;60;36m#[38;2;60;60;60m&[38;2;132;132;108m.[38;2;108;108;108m*[38;2;84;84;84m#[38;2;132;132;132m.[38;2;84;84;84m%[38;2;108;84;84m#[38;2;84;84;84m#[38;2;60;60;60m%&[38;2;84;84;84m%[38;2;132;132;132m&[38;2;108;84;108m&[0m   [38;2;60;60;60m%#%&[38;2;108;108;108m&[38;2;60;60;60m%[38;2;132;132;132m%&[38;2;84;108;108m&[38;2;60;60;60m#[38;2;156;156;156m&[38;2;132;132;132m%[38;2;84;84;84m&#[38;2;132;132;132m#[38;2;84;84;84m([38;2;108;108;132m([38;2;156;132;132m&[38;2;132;108;60m([38;2;108;84;60m#[38;2;60;60;12m&[38;2;108;84;12m#&%[38;2;60;60;12m%[38;2;132;108;12m%[38;2;84;60;12m%[38;2;108;84;36m#[38;2;84;60;60m%[38;2;84;84;84m#[38;2;108;108;108m&[0m
            [38;2;132;132;132m([38;2;108;108;108m#[38;2;60;60;36m%[38;2;132;108;84m%[38;2;84;60;36m&[38;2;180;132;36m([38;2;108;84;12m%[38;2;108;84;36m(#[38;2;132;84;12m&[38;2;84;60;12m%[38;2;108;84;12m%[38;2;156;108;36m([38;2;84;60;36m%[38;2;132;108;60m#[38;2;132;108;84m&[38;2;60;60;60m%[38;2;84;84;84m/[0m [38;2;84;84;84m%[38;2;60;60;60m#[38;2;180;180;180m,[0m    [38;2;60;60;60m##[38;2;156;156;156m&[38;2;132;132;132m#[38;2;84;84;84m([38;2;132;132;132m,[38;2;84;84;84m&#[38;2;60;60;84m%[0m [38;2;60;60;84m&[38;2;108;108;84m/[38;2;60;60;12m&[38;2;132;132;84m.[38;2;84;60;36m%[38;2;108;84;12m#[38;2;132;108;36m#[38;2;156;108;36m#[38;2;132;84;36m#[38;2;156;108;36m([38;2;132;108;36m#([38;2;132;84;12m#[38;2;108;84;36m%[38;2;108;108;60m#[38;2;84;60;36m#[38;2;108;108;132m%[38;2;132;132;156m&[0m
                [38;2;108;108;108m([38;2;84;84;60m&[38;2;108;84;36m#[38;2;132;108;36m#[38;2;108;84;12m#([38;2;60;60;12m&[38;2;132;108;12m#[38;2;84;60;12m%%%&[38;2;108;84;12m#[38;2;84;60;36m%[38;2;108;84;36m&[38;2;60;60;60m&%[0m            [38;2;108;108;108m&[38;2;132;132;108m*[38;2;108;84;36m%[38;2;84;60;36m%[38;2;132;108;12m#[38;2;84;60;12m&[38;2;108;84;12m&#[38;2;132;84;12m&[38;2;132;108;36m%([38;2;108;84;12m##[38;2;108;84;36m%[38;2;84;60;60m&[38;2;84;84;84m#[0m
                [38;2;108;108;108m&[38;2;60;60;84m#[38;2;84;84;84m#[38;2;60;60;60m&[38;2;108;108;84m([38;2;108;84;84m%[38;2;84;60;36m%&[38;2;132;84;12m#[38;2;84;60;12m%[38;2;108;84;12m%[38;2;132;108;36m%[38;2;84;60;12m%[38;2;108;84;36m#[38;2;84;60;12m%[38;2;108;84;12m&[38;2;156;108;36m&[38;2;156;108;60m#[38;2;108;84;36m##[38;2;84;60;36m%[38;2;60;60;60m%[38;2;84;84;84m%[38;2;36;36;60m&[38;2;84;84;84m%[38;2;60;60;36m%&[38;2;108;84;36m%&[38;2;132;108;36m&[38;2;108;84;12m&[38;2;60;60;12m&[38;2;108;84;12m#[38;2;132;84;12m#[38;2;84;60;12m%[38;2;132;84;12m([38;2;108;84;12m%[38;2;132;108;36m([38;2;108;84;12m%[38;2;108;84;36m#[38;2;84;84;60m%#[38;2;108;108;108m,[0m
             [38;2;132;132;132m&[38;2;108;108;108m#[38;2;84;60;36m%[38;2;156;108;12m%([38;2;108;84;12m##[38;2;84;60;12m%[38;2;108;108;108m%[38;2;84;84;84m#[38;2;156;132;156m.[38;2;84;84;84m#[38;2;156;132;132m&[38;2;84;84;36m#[38;2;60;60;36m%%[38;2;84;60;36m#%&#[38;2;108;108;108m&[38;2;60;60;60m&%[38;2;108;84;36m%[38;2;84;60;12m&[38;2;108;84;36m%[38;2;156;132;84m#[38;2;60;36;36m&[38;2;132;108;36m&[38;2;84;84;60m#[38;2;60;60;60m%[38;2;84;60;36m%[38;2;156;132;84m([38;2;204;180;108m/[38;2;84;84;84m&[38;2;132;108;60m#[38;2;156;132;84m([38;2;84;84;36m%[38;2;108;84;60m#[38;2;84;84;60m&[38;2;60;60;36m%[38;2;108;108;108m/[38;2;132;132;132m&[38;2;60;60;60m#[38;2;108;84;36m&[38;2;108;84;12m%[38;2;132;108;12m&[38;2;84;60;12m%[38;2;132;108;36m&[38;2;84;84;60m%[0m [38;2;132;132;132m&[0m
             [38;2;156;132;132m%[38;2;108;84;60m/[38;2;252;180;12m/[38;2;228;156;12m/[38;2;180;132;12m([38;2;204;156;12m#[38;2;228;156;12m/[38;2;156;108;12m/[38;2;60;60;60m&[38;2;60;60;84m%[38;2;156;156;156m*[0m         [38;2;60;60;60m([38;2;156;132;132m%[38;2;156;132;36m/[38;2;60;60;36m&[0m [38;2;108;108;108m*[0m  [38;2;60;60;60m%[38;2;84;84;84m#[38;2;108;108;108m([0m       [38;2;84;84;84m&[0m [38;2;60;60;60m%[38;2;84;60;84m%[38;2;84;84;84m#[38;2;108;84;12m%[38;2;180;132;12m/[38;2;228;180;36m/[38;2;204;156;12m/[38;2;180;132;12m&[38;2;252;180;12m/[38;2;180;132;12m/[38;2;132;132;156m&[0m
             [38;2;36;60;60m&[38;2;132;108;36m&[38;2;252;180;12m/[38;2;156;108;12m/(%[38;2;132;84;12m%[38;2;180;132;12m///[38;2;180;132;36m#[38;2;156;108;36m%[38;2;180;156;84m#[38;2;180;132;60m/[38;2;132;132;84m,[38;2;84;60;36m%[38;2;60;60;60m&[38;2;108;108;132m&[0m [38;2;108;108;132m&[38;2;60;60;84m%[38;2;60;60;60m#[38;2;156;156;156m/[38;2;84;84;84m&[38;2;84;84;108m&[38;2;84;84;84m&[38;2;108;84;108m&&&[0m [38;2;60;60;60m%[38;2;36;36;60m&[38;2;60;60;60m%[38;2;108;108;108m/[38;2;36;36;60m&[38;2;60;60;36m&[38;2;132;108;84m,[38;2;132;84;36m%[38;2;204;156;84m,[38;2;156;108;36m&[38;2;180;132;36m%[38;2;204;132;12m#[38;2;228;156;12m/[38;2;204;132;12m/[38;2;156;108;12m/[38;2;132;108;12m/%[38;2;84;60;12m&[38;2;228;156;12m//[38;2;156;156;132m&[38;2;60;60;60m%[0m
             [38;2;132;132;108m([38;2;108;84;84m([38;2;108;108;60m&[38;2;156;132;60m/[38;2;180;132;12m/[38;2;204;156;12m/[38;2;180;132;12m%[38;2;156;108;12m&[38;2;132;84;12m&[38;2;108;84;12m#[38;2;156;132;12m&[38;2;84;60;12m#[38;2;108;84;12m#[38;2;132;108;12m#[38;2;180;132;12m([38;2;156;132;12m/[38;2;180;132;12m/[38;2;228;156;12m/[38;2;180;132;12m/[38;2;156;108;12m/[38;2;132;108;12m([38;2;156;132;12m#[38;2;204;132;12m#[38;2;180;132;36m#%%[38;2;156;108;36m%[38;2;204;132;36m#[38;2;180;132;12m##[38;2;204;156;12m([38;2;204;132;12m([38;2;180;132;12m/[38;2;204;132;12m/[38;2;180;132;12m///(/[38;2;108;84;12m%[38;2;180;132;12m#[38;2;156;108;12m%[38;2;108;84;12m%([38;2;204;156;12m/[38;2;156;132;12m%[38;2;132;84;12m%[38;2;132;84;36m([38;2;132;108;60m#[38;2;60;60;60m&[38;2;132;132;132m*[0m
                [38;2;132;132;132m&([38;2;108;108;108m([38;2;60;60;60m&[38;2;156;156;108m#[38;2;156;132;60m/[38;2;156;108;36m/[38;2;180;132;12m/[38;2;156;108;12m#[38;2;180;132;12m%%[38;2;156;108;12m%[38;2;180;132;12m([38;2;156;108;12m(([38;2;180;132;12m&[38;2;108;84;12m([38;2;228;156;12m([38;2;180;132;12m/[38;2;108;84;12m&[38;2;252;180;12m//[38;2;204;156;12m/[38;2;156;108;12m%[38;2;132;108;12m%[38;2;108;84;12m%[38;2;228;156;12m([38;2;252;180;12m/[38;2;156;108;12m/[38;2;108;84;12m&&[38;2;132;108;12m#[38;2;132;84;12m([38;2;156;108;12m#[38;2;180;132;12m%[38;2;204;156;12m/[38;2;180;132;12m([38;2;108;84;12m&[38;2;108;84;36m#[38;2;156;132;36m/[38;2;84;84;36m([38;2;132;132;108m&[38;2;84;84;84m%([38;2;108;108;108m&[0m
                      [38;2;156;156;156m([38;2;132;132;132m&[38;2;156;156;132m/[38;2;108;108;108m/[38;2;60;60;60m%[38;2;60;36;36m&[38;2;84;84;36m%[38;2;156;132;60m([38;2;132;108;36m/[38;2;180;156;60m*[38;2;156;108;36m/[38;2;132;108;36m/[38;2;180;132;12m/[38;2;156;108;12m/[38;2;180;132;12m/////[38;2;156;108;36m/[38;2;156;108;12m/[38;2;156;108;36m//[38;2;156;132;60m/*[38;2;132;108;60m([38;2;84;60;36m%[38;2;60;60;60m&&[38;2;108;108;132m#[38;2;132;132;132m([38;2;156;132;156m&[38;2;84;84;84m/[0m
                                 [38;2;108;108;108m&[0m  [38;2;156;156;156m([38;2;108;108;108m/[38;2;132;132;132m&[38;2;84;84;84m%[38;2;180;180;180m.[38;2;84;84;84m#[0m [38;2;132;132;132m&%[0m
